C0 :  2.1783664e-02
C1 :  2.5344833e-01
C2  : -1.4827238e-02
C3  :  5.4106598e-04
C4  : -7.2116204e-06
C5  : 3.9219222e-08
C6 : -6.8656181e-11

U0 :  6.5000000
U1 :  1.0000000
U2 :  6.0000000
U3 :  6.0000000
U9 : 4

U10:  0.01504939
U11: 0.02881907 
U12: 0.02881907
U13: 0.02881907
U14: 403.6111000
U15: 170.6581000
U16: -0.05773869
U17: -0.07545986
U18: -0.07545986
U19: -0.07545986
U20: 4.6378080
U21: 1.5735610


M0 :  0.0000000e00
M1 :  +1.1111111e+01
M2  : -2.2222222e+01
M3  : +3.3333333e+01
M4  : -4.4444444e+01
M5  : +5.5555555e+01
M6 : -6.6666666e+01
M7 : -7.7777777e+01


D0 :  0.0000000e00
D1 :  +1.1111111e+01
D2  : -2.2222222e+01
D3  : +3.3333333e+01
D4  : -4.4444444e+01
D5  : +5.5555555e+01
D6 : -6.6666666e+01
D7 : -7.7777777e+01
