U0 :  20.5000000
U1 :  4.0000000
U2 :  10.0000000
U3 :  0.0000000
U4 : 4
U5 : 4
U6 : 4
U7 : 0.002
U8 : 1000.0
U9 : 1
U10: 0.00082‬
U11: 0.00162
U12: 0.00162
U13: 0.00162
U14: 403.6111000
U15: 170.6581000
U16: -0.0600000
U17: 0.0000000
U18: 0.0000000
U19: 0.0000000
U20: 4.6378080
U21: 1.5735610
U22: 1
U23:2
U24:2
U25:2
U26:10
U27:0.06
U28:1
U29:0
U30:0
U31:1
U32:0
U33:0
U34:0
U35:0
U36:0
U37:0
U38:0
U39:0
U40:0
U41:0
U42:0
U43:0
U44:22500
U45:0
U46:0
U47:0
U48:25000
U49:25000
U50:0
U51:25000

C0 :  0.28717425207812
C1 :  0.4302
C2  : 0
C3  : 0


M0 :  0.0000000e00
M1 :  0.0000000e00
M2  : 0.0000000e00
M3  : 0.0000000e00



D0 :  0.0000000e00
D1 :  0.0000000e00
D2  : 0.0000000e00
D3  : 0.0000000e00

R0 :  0.0000000e00
R1 :  0.0000000e00
R2  : 0.0000000e00
R3  : 0.0000000e00
